pos,nongap,f_A,f_C,f_D,f_E,f_F,f_G,f_H,f_I,f_K,f_L,f_M,f_N,f_P,f_Q,f_R,f_S,f_T,f_V,f_W,f_Y
1,78,0.04081632653061224,0.01020408163265306,0.04081632653061224,0.030612244897959183,0.02040816326530612,0.04081632653061224,0.01020408163265306,0.030612244897959183,0.061224489795918366,0.02040816326530612,0.23469387755102042,0.04081632653061224,0.061224489795918366,0.02040816326530612,0.04081632653061224,0.030612244897959183,0.030612244897959183,0.01020408163265306,0.19387755102040816,0.030612244897959183
2,94,0.03508771929824561,0.008771929824561403,0.017543859649122806,0.03508771929824561,0.017543859649122806,0.008771929824561403,0.043859649122807015,0.02631578947368421,0.08771929824561403,0.06140350877192982,0.14912280701754385,0.08771929824561403,0.13157894736842105,0.008771929824561403,0.06140350877192982,0.05263157894736842,0.07017543859649122,0.02631578947368421,0.02631578947368421,0.043859649122807015
3,108,0.046875,0.0234375,0.0703125,0.0390625,0.0078125,0.015625,0.015625,0.03125,0.078125,0.0234375,0.1171875,0.0859375,0.03125,0.03125,0.0859375,0.15625,0.0703125,0.0234375,0.0078125,0.0390625
4,118,0.043478260869565216,0.021739130434782608,0.043478260869565216,0.021739130434782608,0.021739130434782608,0.007246376811594203,0.043478260869565216,0.014492753623188406,0.057971014492753624,0.036231884057971016,0.07971014492753623,0.2318840579710145,0.028985507246376812,0.028985507246376812,0.06521739130434782,0.07246376811594203,0.15217391304347827,0.014492753623188406,0.007246376811594203,0.007246376811594203
5,121,0.07092198581560284,0.0070921985815602835,0.05673758865248227,0.05673758865248227,0.014184397163120567,0.028368794326241134,0.028368794326241134,0.0070921985815602835,0.09219858156028368,0.05673758865248227,0.03546099290780142,0.06382978723404255,0.05673758865248227,0.05673758865248227,0.18439716312056736,0.07801418439716312,0.07092198581560284,0.02127659574468085,0.0070921985815602835,0.0070921985815602835
6,128,0.033783783783783786,0.006756756756756757,0.006756756756756757,0.006756756756756757,0.22297297297297297,0.006756756756756757,0.013513513513513514,0.13513513513513514,0.006756756756756757,0.35135135135135137,0.07432432432432433,0.006756756756756757,0.006756756756756757,0.013513513513513514,0.006756756756756757,0.013513513513513514,0.013513513513513514,0.0472972972972973,0.02027027027027027,0.006756756756756757
7,133,0.06535947712418301,0.09803921568627451,0.006535947712418301,0.013071895424836602,0.026143790849673203,0.006535947712418301,0.006535947712418301,0.032679738562091505,0.026143790849673203,0.2549019607843137,0.08496732026143791,0.006535947712418301,0.0196078431372549,0.026143790849673203,0.013071895424836602,0.0392156862745098,0.20915032679738563,0.05228758169934641,0.006535947712418301,0.006535947712418301
8,134,0.07142857142857142,0.006493506493506494,0.07142857142857142,0.18181818181818182,0.01948051948051948,0.025974025974025976,0.012987012987012988,0.006493506493506494,0.11038961038961038,0.032467532467532464,0.006493506493506494,0.06493506493506493,0.012987012987012988,0.1038961038961039,0.05844155844155844,0.1038961038961039,0.07142857142857142,0.025974025974025976,0.006493506493506494,0.006493506493506494
9,138,0.05063291139240506,0.012658227848101266,0.006329113924050633,0.012658227848101266,0.02531645569620253,0.006329113924050633,0.0189873417721519,0.0379746835443038,0.0759493670886076,0.3037974683544304,0.06329113924050633,0.006329113924050633,0.012658227848101266,0.0379746835443038,0.17721518987341772,0.04430379746835443,0.0759493670886076,0.0189873417721519,0.006329113924050633,0.006329113924050633
10,139,0.012578616352201259,0.006289308176100629,0.006289308176100629,0.006289308176100629,0.1320754716981132,0.006289308176100629,0.012578616352201259,0.031446540880503145,0.025157232704402517,0.5911949685534591,0.012578616352201259,0.018867924528301886,0.018867924528301886,0.012578616352201259,0.018867924528301886,0.012578616352201259,0.031446540880503145,0.018867924528301886,0.006289308176100629,0.018867924528301886
11,139,0.0440251572327044,0.012578616352201259,0.07547169811320754,0.0440251572327044,0.012578616352201259,0.34591194968553457,0.025157232704402517,0.006289308176100629,0.1069182389937107,0.025157232704402517,0.006289308176100629,0.12578616352201258,0.012578616352201259,0.03773584905660377,0.025157232704402517,0.05660377358490566,0.012578616352201259,0.006289308176100629,0.006289308176100629,0.012578616352201259
12,141,0.012422360248447204,0.031055900621118012,0.006211180124223602,0.006211180124223602,0.018633540372670808,0.012422360248447204,0.012422360248447204,0.36645962732919257,0.006211180124223602,0.2422360248447205,0.06832298136645963,0.006211180124223602,0.006211180124223602,0.006211180124223602,0.006211180124223602,0.012422360248447204,0.043478260869565216,0.11801242236024845,0.012422360248447204,0.006211180124223602
13,141,0.06832298136645963,0.006211180124223602,0.07453416149068323,0.13043478260869565,0.006211180124223602,0.012422360248447204,0.012422360248447204,0.018633540372670808,0.19254658385093168,0.006211180124223602,0.012422360248447204,0.012422360248447204,0.024844720496894408,0.07453416149068323,0.18012422360248448,0.06832298136645963,0.08074534161490683,0.006211180124223602,0.006211180124223602,0.006211180124223602
14,142,0.024691358024691357,0.006172839506172839,0.006172839506172839,0.012345679012345678,0.06790123456790123,0.006172839506172839,0.08641975308641975,0.06790123456790123,0.030864197530864196,0.1728395061728395,0.012345679012345678,0.018518518518518517,0.006172839506172839,0.024691358024691357,0.018518518518518517,0.018518518518518517,0.012345679012345678,0.07407407407407407,0.024691358024691357,0.30864197530864196
15,142,0.006172839506172839,0.006172839506172839,0.006172839506172839,0.006172839506172839,0.006172839506172839,0.006172839506172839,0.006172839506172839,0.006172839506172839,0.006172839506172839,0.012345679012345678,0.006172839506172839,0.006172839506172839,0.8580246913580247,0.006172839506172839,0.018518518518518517,0.006172839506172839,0.012345679012345678,0.006172839506172839,0.006172839506172839,0.006172839506172839
16,142,0.006172839506172839,0.006172839506172839,0.006172839506172839,0.006172839506172839,0.018518518518518517,0.006172839506172839,0.006172839506172839,0.6296296296296297,0.006172839506172839,0.1111111111111111,0.012345679012345678,0.006172839506172839,0.006172839506172839,0.006172839506172839,0.006172839506172839,0.006172839506172839,0.006172839506172839,0.12962962962962962,0.006172839506172839,0.012345679012345678
17,142,0.006172839506172839,0.006172839506172839,0.006172839506172839,0.006172839506172839,0.05555555555555555,0.006172839506172839,0.006172839506172839,0.5617283950617284,0.006172839506172839,0.08024691358024691,0.024691358024691357,0.006172839506172839,0.006172839506172839,0.006172839506172839,0.006172839506172839,0.006172839506172839,0.006172839506172839,0.17901234567901234,0.012345679012345678,0.006172839506172839
18,142,0.018518518518518517,0.006172839506172839,0.006172839506172839,0.006172839506172839,0.006172839506172839,0.018518518518518517,0.006172839506172839,0.006172839506172839,0.006172839506172839,0.08641975308641975,0.006172839506172839,0.006172839506172839,0.006172839506172839,0.7716049382716049,0.006172839506172839,0.006172839506172839,0.006172839506172839,0.012345679012345678,0.006172839506172839,0.006172839506172839
19,142,0.8148148148148148,0.006172839506172839,0.006172839506172839,0.006172839506172839,0.006172839506172839,0.037037037037037035,0.006172839506172839,0.006172839506172839,0.006172839506172839,0.006172839506172839,0.006172839506172839,0.006172839506172839,0.006172839506172839,0.006172839506172839,0.006172839506172839,0.043209876543209874,0.006172839506172839,0.006172839506172839,0.006172839506172839,0.006172839506172839
20,142,0.012345679012345678,0.006172839506172839,0.006172839506172839,0.006172839506172839,0.006172839506172839,0.06790123456790123,0.006172839506172839,0.006172839506172839,0.006172839506172839,0.006172839506172839,0.006172839506172839,0.006172839506172839,0.8148148148148148,0.006172839506172839,0.006172839506172839,0.006172839506172839,0.006172839506172839,0.006172839506172839,0.006172839506172839,0.006172839506172839
21,146,0.006024096385542169,0.006024096385542169,0.006024096385542169,0.006024096385542169,0.018072289156626505,0.006024096385542169,0.006024096385542169,0.006024096385542169,0.006024096385542169,0.012048192771084338,0.8674698795180723,0.006024096385542169,0.006024096385542169,0.006024096385542169,0.006024096385542169,0.006024096385542169,0.006024096385542169,0.006024096385542169,0.006024096385542169,0.006024096385542169
22,146,0.7650602409638554,0.006024096385542169,0.006024096385542169,0.006024096385542169,0.006024096385542169,0.024096385542168676,0.006024096385542169,0.006024096385542169,0.006024096385542169,0.0783132530120482,0.006024096385542169,0.012048192771084338,0.006024096385542169,0.006024096385542169,0.006024096385542169,0.012048192771084338,0.006024096385542169,0.024096385542168676,0.006024096385542169,0.006024096385542169
23,146,0.006024096385542169,0.006024096385542169,0.012048192771084338,0.006024096385542169,0.006024096385542169,0.8554216867469879,0.006024096385542169,0.006024096385542169,0.006024096385542169,0.006024096385542169,0.006024096385542169,0.024096385542168676,0.006024096385542169,0.006024096385542169,0.006024096385542169,0.012048192771084338,0.006024096385542169,0.006024096385542169,0.006024096385542169,0.006024096385542169
24,113,0.13533834586466165,0.015037593984962405,0.015037593984962405,0.015037593984962405,0.007518796992481203,0.21052631578947367,0.007518796992481203,0.09022556390977443,0.015037593984962405,0.015037593984962405,0.007518796992481203,0.007518796992481203,0.015037593984962405,0.007518796992481203,0.022556390977443608,0.07518796992481203,0.022556390977443608,0.2932330827067669,0.015037593984962405,0.007518796992481203
25,143,0.0736196319018405,0.018404907975460124,0.006134969325153374,0.006134969325153374,0.006134969325153374,0.024539877300613498,0.006134969325153374,0.024539877300613498,0.006134969325153374,0.012269938650306749,0.006134969325153374,0.018404907975460124,0.006134969325153374,0.09815950920245399,0.006134969325153374,0.4233128834355828,0.22085889570552147,0.024539877300613498,0.006134969325153374,0.006134969325153374
26,146,0.006024096385542169,0.006024096385542169,0.05421686746987952,0.006024096385542169,0.006024096385542169,0.07228915662650602,0.006024096385542169,0.006024096385542169,0.012048192771084338,0.012048192771084338,0.006024096385542169,0.04216867469879518,0.018072289156626505,0.006024096385542169,0.012048192771084338,0.07228915662650602,0.6385542168674698,0.006024096385542169,0.006024096385542169,0.006024096385542169
27,146,0.05421686746987952,0.006024096385542169,0.012048192771084338,0.012048192771084338,0.006024096385542169,0.006024096385542169,0.024096385542168676,0.04819277108433735,0.006024096385542169,0.024096385542168676,0.006024096385542169,0.012048192771084338,0.5240963855421686,0.006024096385542169,0.006024096385542169,0.0783132530120482,0.018072289156626505,0.12650602409638553,0.018072289156626505,0.006024096385542169
28,146,0.19879518072289157,0.006024096385542169,0.06626506024096386,0.3313253012048193,0.006024096385542169,0.018072289156626505,0.012048192771084338,0.006024096385542169,0.09036144578313253,0.012048192771084338,0.006024096385542169,0.006024096385542169,0.018072289156626505,0.07228915662650602,0.060240963855421686,0.04216867469879518,0.018072289156626505,0.018072289156626505,0.006024096385542169,0.006024096385542169
29,146,0.006024096385542169,0.006024096385542169,0.006024096385542169,0.006024096385542169,0.030120481927710843,0.006024096385542169,0.006024096385542169,0.018072289156626505,0.006024096385542169,0.608433734939759,0.2289156626506024,0.006024096385542169,0.006024096385542169,0.006024096385542169,0.006024096385542169,0.006024096385542169,0.006024096385542169,0.024096385542168676,0.006024096385542169,0.006024096385542169
30,146,0.5963855421686747,0.006024096385542169,0.006024096385542169,0.006024096385542169,0.006024096385542169,0.006024096385542169,0.006024096385542169,0.04216867469879518,0.006024096385542169,0.006024096385542169,0.006024096385542169,0.006024096385542169,0.006024096385542169,0.006024096385542169,0.006024096385542169,0.012048192771084338,0.024096385542168676,0.23493975903614459,0.006024096385542169,0.006024096385542169
31,146,0.5602409638554217,0.018072289156626505,0.006024096385542169,0.006024096385542169,0.012048192771084338,0.012048192771084338,0.006024096385542169,0.0963855421686747,0.006024096385542169,0.03614457831325301,0.006024096385542169,0.012048192771084338,0.006024096385542169,0.006024096385542169,0.018072289156626505,0.12048192771084337,0.024096385542168676,0.03614457831325301,0.006024096385542169,0.006024096385542169
32,146,0.572289156626506,0.018072289156626505,0.018072289156626505,0.08433734939759036,0.006024096385542169,0.018072289156626505,0.006024096385542169,0.018072289156626505,0.018072289156626505,0.006024096385542169,0.006024096385542169,0.030120481927710843,0.006024096385542169,0.04216867469879518,0.012048192771084338,0.05421686746987952,0.060240963855421686,0.012048192771084338,0.006024096385542169,0.006024096385542169
33,146,0.09036144578313253,0.012048192771084338,0.006024096385542169,0.006024096385542169,0.006024096385542169,0.006024096385542169,0.006024096385542169,0.04216867469879518,0.006024096385542169,0.006024096385542169,0.006024096385542169,0.006024096385542169,0.006024096385542169,0.006024096385542169,0.006024096385542169,0.018072289156626505,0.012048192771084338,0.7409638554216867,0.006024096385542169,0.006024096385542169
34,146,0.10843373493975904,0.10843373493975904,0.006024096385542169,0.006024096385542169,0.006024096385542169,0.018072289156626505,0.006024096385542169,0.012048192771084338,0.006024096385542169,0.012048192771084338,0.006024096385542169,0.012048192771084338,0.006024096385542169,0.006024096385542169,0.012048192771084338,0.5120481927710844,0.12650602409638553,0.018072289156626505,0.006024096385542169,0.006024096385542169
35,146,0.03614457831325301,0.006024096385542169,0.03614457831325301,0.10240963855421686,0.006024096385542169,0.018072289156626505,0.018072289156626505,0.012048192771084338,0.1144578313253012,0.006024096385542169,0.018072289156626505,0.42771084337349397,0.006024096385542169,0.04819277108433735,0.0783132530120482,0.03614457831325301,0.012048192771084338,0.006024096385542169,0.006024096385542169,0.006024096385542169
36,146,0.5421686746987951,0.018072289156626505,0.006024096385542169,0.03614457831325301,0.03614457831325301,0.024096385542168676,0.018072289156626505,0.018072289156626505,0.012048192771084338,0.024096385542168676,0.006024096385542169,0.05421686746987952,0.006024096385542169,0.024096385542168676,0.012048192771084338,0.10240963855421686,0.024096385542168676,0.006024096385542169,0.006024096385542169,0.024096385542168676
37,146,0.006024096385542169,0.006024096385542169,0.006024096385542169,0.006024096385542169,0.006024096385542169,0.8855421686746988,0.006024096385542169,0.006024096385542169,0.006024096385542169,0.006024096385542169,0.006024096385542169,0.006024096385542169,0.006024096385542169,0.006024096385542169,0.006024096385542169,0.006024096385542169,0.006024096385542169,0.006024096385542169,0.006024096385542169,0.006024096385542169
38,146,0.20481927710843373,0.03614457831325301,0.006024096385542169,0.006024096385542169,0.012048192771084338,0.5963855421686747,0.006024096385542169,0.03614457831325301,0.006024096385542169,0.006024096385542169,0.012048192771084338,0.006024096385542169,0.006024096385542169,0.006024096385542169,0.006024096385542169,0.018072289156626505,0.006024096385542169,0.012048192771084338,0.006024096385542169,0.006024096385542169
39,146,0.006024096385542169,0.006024096385542169,0.006024096385542169,0.006024096385542169,0.006024096385542169,0.006024096385542169,0.006024096385542169,0.09036144578313253,0.006024096385542169,0.7469879518072289,0.03614457831325301,0.006024096385542169,0.006024096385542169,0.006024096385542169,0.006024096385542169,0.006024096385542169,0.012048192771084338,0.024096385542168676,0.006024096385542169,0.006024096385542169
40,146,0.018072289156626505,0.006024096385542169,0.006024096385542169,0.006024096385542169,0.006024096385542169,0.8614457831325302,0.006024096385542169,0.006024096385542169,0.006024096385542169,0.006024096385542169,0.006024096385542169,0.006024096385542169,0.018072289156626505,0.006024096385542169,0.006024096385542169,0.006024096385542169,0.006024096385542169,0.006024096385542169,0.006024096385542169,0.006024096385542169
41,146,0.09036144578313253,0.006024096385542169,0.006024096385542169,0.006024096385542169,0.03614457831325301,0.006024096385542169,0.006024096385542169,0.006024096385542169,0.006024096385542169,0.006024096385542169,0.03614457831325301,0.024096385542168676,0.006024096385542169,0.024096385542168676,0.006024096385542169,0.6566265060240963,0.05421686746987952,0.006024096385542169,0.006024096385542169,0.006024096385542169
42,146,0.006024096385542169,0.006024096385542169,0.006024096385542169,0.006024096385542169,0.030120481927710843,0.006024096385542169,0.006024096385542169,0.25903614457831325,0.006024096385542169,0.5602409638554217,0.030120481927710843,0.006024096385542169,0.006024096385542169,0.006024096385542169,0.006024096385542169,0.006024096385542169,0.006024096385542169,0.012048192771084338,0.006024096385542169,0.024096385542168676
43,146,0.18072289156626506,0.006024096385542169,0.006024096385542169,0.006024096385542169,0.006024096385542169,0.3795180722891566,0.006024096385542169,0.006024096385542169,0.006024096385542169,0.006024096385542169,0.006024096385542169,0.006024096385542169,0.3253012048192771,0.006024096385542169,0.006024096385542169,0.018072289156626505,0.006024096385542169,0.006024096385542169,0.006024096385542169,0.006024096385542169
44,146,0.2710843373493976,0.1566265060240964,0.006024096385542169,0.006024096385542169,0.030120481927710843,0.04819277108433735,0.006024096385542169,0.06626506024096386,0.006024096385542169,0.24096385542168675,0.030120481927710843,0.006024096385542169,0.006024096385542169,0.006024096385542169,0.006024096385542169,0.012048192771084338,0.018072289156626505,0.06626506024096386,0.006024096385542169,0.006024096385542169
45,146,0.25903614457831325,0.012048192771084338,0.006024096385542169,0.006024096385542169,0.006024096385542169,0.5120481927710844,0.006024096385542169,0.006024096385542169,0.006024096385542169,0.006024096385542169,0.006024096385542169,0.018072289156626505,0.006024096385542169,0.006024096385542169,0.006024096385542169,0.10240963855421686,0.012048192771084338,0.006024096385542169,0.006024096385542169,0.006024096385542169
46,146,0.18072289156626506,0.006024096385542169,0.012048192771084338,0.006024096385542169,0.012048192771084338,0.13253012048192772,0.03614457831325301,0.006024096385542169,0.006024096385542169,0.04819277108433735,0.13253012048192772,0.006024096385542169,0.024096385542168676,0.006024096385542169,0.006024096385542169,0.0963855421686747,0.03614457831325301,0.024096385542168676,0.006024096385542169,0.21686746987951808
47,146,0.024096385542168676,0.030120481927710843,0.012048192771084338,0.006024096385542169,0.04216867469879518,0.018072289156626505,0.024096385542168676,0.07228915662650602,0.030120481927710843,0.3253012048192771,0.16265060240963855,0.012048192771084338,0.006024096385542169,0.006024096385542169,0.006024096385542169,0.08433734939759036,0.030120481927710843,0.06626506024096386,0.012048192771084338,0.030120481927710843
48,143,0.06748466257668712,0.012269938650306749,0.1901840490797546,0.012269938650306749,0.006134969325153374,0.024539877300613498,0.006134969325153374,0.006134969325153374,0.04294478527607362,0.024539877300613498,0.006134969325153374,0.1411042944785276,0.03680981595092025,0.012269938650306749,0.012269938650306749,0.17791411042944785,0.20245398773006135,0.006134969325153374,0.006134969325153374,0.006134969325153374
49,146,0.1746987951807229,0.006024096385542169,0.006024096385542169,0.012048192771084338,0.04216867469879518,0.03614457831325301,0.012048192771084338,0.04819277108433735,0.006024096385542169,0.10240963855421686,0.006024096385542169,0.006024096385542169,0.3433734939759036,0.006024096385542169,0.012048192771084338,0.04216867469879518,0.030120481927710843,0.08433734939759036,0.006024096385542169,0.018072289156626505
50,145,0.06666666666666667,0.006060606060606061,0.19393939393939394,0.3212121212121212,0.006060606060606061,0.024242424242424242,0.012121212121212121,0.01818181818181818,0.04242424242424243,0.006060606060606061,0.012121212121212121,0.01818181818181818,0.012121212121212121,0.048484848484848485,0.03636363636363636,0.06666666666666667,0.07878787878787878,0.012121212121212121,0.006060606060606061,0.012121212121212121
51,144,0.17073170731707318,0.006097560975609756,0.042682926829268296,0.10365853658536585,0.006097560975609756,0.042682926829268296,0.012195121951219513,0.006097560975609756,0.12195121951219512,0.018292682926829267,0.012195121951219513,0.036585365853658534,0.012195121951219513,0.23170731707317074,0.036585365853658534,0.036585365853658534,0.06707317073170732,0.024390243902439025,0.006097560975609756,0.006097560975609756
52,144,0.17682926829268292,0.012195121951219513,0.006097560975609756,0.006097560975609756,0.018292682926829267,0.018292682926829267,0.006097560975609756,0.18902439024390244,0.006097560975609756,0.2926829268292683,0.054878048780487805,0.006097560975609756,0.006097560975609756,0.006097560975609756,0.006097560975609756,0.012195121951219513,0.04878048780487805,0.11585365853658537,0.006097560975609756,0.006097560975609756
53,144,0.06097560975609756,0.018292682926829267,0.04878048780487805,0.16463414634146342,0.03048780487804878,0.024390243902439025,0.018292682926829267,0.012195121951219513,0.06097560975609756,0.024390243902439025,0.006097560975609756,0.018292682926829267,0.012195121951219513,0.036585365853658534,0.29878048780487804,0.018292682926829267,0.06097560975609756,0.06097560975609756,0.012195121951219513,0.012195121951219513
54,143,0.19631901840490798,0.006134969325153374,0.049079754601226995,0.1411042944785276,0.006134969325153374,0.018404907975460124,0.024539877300613498,0.012269938650306749,0.10429447852760736,0.03680981595092025,0.006134969325153374,0.06748466257668712,0.018404907975460124,0.11042944785276074,0.03067484662576687,0.08588957055214724,0.049079754601226995,0.018404907975460124,0.006134969325153374,0.012269938650306749
55,143,0.17177914110429449,0.006134969325153374,0.03680981595092025,0.17177914110429449,0.024539877300613498,0.012269938650306749,0.03067484662576687,0.03680981595092025,0.012269938650306749,0.1411042944785276,0.06748466257668712,0.006134969325153374,0.006134969325153374,0.12269938650306748,0.018404907975460124,0.03680981595092025,0.05521472392638037,0.03067484662576687,0.006134969325153374,0.006134969325153374
56,144,0.03048780487804878,0.018292682926829267,0.012195121951219513,0.006097560975609756,0.006097560975609756,0.006097560975609756,0.006097560975609756,0.4878048780487805,0.006097560975609756,0.17073170731707318,0.03048780487804878,0.012195121951219513,0.006097560975609756,0.006097560975609756,0.006097560975609756,0.006097560975609756,0.018292682926829267,0.1402439024390244,0.006097560975609756,0.018292682926829267
57,144,0.13414634146341464,0.006097560975609756,0.06707317073170732,0.06707317073170732,0.006097560975609756,0.042682926829268296,0.024390243902439025,0.012195121951219513,0.10365853658536585,0.036585365853658534,0.006097560975609756,0.06097560975609756,0.006097560975609756,0.10365853658536585,0.18292682926829268,0.06097560975609756,0.04878048780487805,0.018292682926829267,0.006097560975609756,0.006097560975609756
58,145,0.1696969696969697,0.006060606060606061,0.048484848484848485,0.24848484848484848,0.006060606060606061,0.006060606060606061,0.024242424242424242,0.01818181818181818,0.09090909090909091,0.024242424242424242,0.006060606060606061,0.01818181818181818,0.006060606060606061,0.12121212121212122,0.07272727272727272,0.04242424242424243,0.048484848484848485,0.024242424242424242,0.006060606060606061,0.012121212121212121
59,144,0.018292682926829267,0.012195121951219513,0.006097560975609756,0.006097560975609756,0.15853658536585366,0.006097560975609756,0.006097560975609756,0.18902439024390244,0.012195121951219513,0.11585365853658537,0.036585365853658534,0.006097560975609756,0.006097560975609756,0.012195121951219513,0.006097560975609756,0.006097560975609756,0.18292682926829268,0.16463414634146342,0.006097560975609756,0.042682926829268296
60,143,0.03680981595092025,0.006134969325153374,0.024539877300613498,0.012269938650306749,0.006134969325153374,0.006134969325153374,0.018404907975460124,0.012269938650306749,0.2147239263803681,0.03067484662576687,0.012269938650306749,0.024539877300613498,0.006134969325153374,0.10429447852760736,0.4110429447852761,0.018404907975460124,0.03680981595092025,0.006134969325153374,0.006134969325153374,0.006134969325153374
61,115,0.2518518518518518,0.007407407407407408,0.022222222222222223,0.1259259259259259,0.007407407407407408,0.037037037037037035,0.007407407407407408,0.007407407407407408,0.0962962962962963,0.022222222222222223,0.007407407407407408,0.044444444444444446,0.007407407407407408,0.14814814814814814,0.044444444444444446,0.06666666666666667,0.05185185185185185,0.02962962962962963,0.007407407407407408,0.007407407407407408
62,118,0.11594202898550725,0.007246376811594203,0.028985507246376812,0.028985507246376812,0.007246376811594203,0.050724637681159424,0.014492753623188406,0.007246376811594203,0.043478260869565216,0.38405797101449274,0.021739130434782608,0.021739130434782608,0.014492753623188406,0.050724637681159424,0.10144927536231885,0.057971014492753624,0.014492753623188406,0.014492753623188406,0.007246376811594203,0.007246376811594203
63,144,0.03048780487804878,0.018292682926829267,0.054878048780487805,0.012195121951219513,0.006097560975609756,0.04878048780487805,0.012195121951219513,0.012195121951219513,0.03048780487804878,0.054878048780487805,0.012195121951219513,0.024390243902439025,0.018292682926829267,0.03048780487804878,0.018292682926829267,0.03048780487804878,0.5487804878048781,0.018292682926829267,0.006097560975609756,0.012195121951219513
64,147,0.08383233532934131,0.011976047904191617,0.2155688622754491,0.059880239520958084,0.005988023952095809,0.023952095808383235,0.029940119760479042,0.011976047904191617,0.04790419161676647,0.005988023952095809,0.011976047904191617,0.12574850299401197,0.023952095808383235,0.03592814371257485,0.041916167664670656,0.1437125748502994,0.08982035928143713,0.011976047904191617,0.005988023952095809,0.011976047904191617
65,147,0.10179640718562874,0.011976047904191617,0.005988023952095809,0.029940119760479042,0.011976047904191617,0.059880239520958084,0.029940119760479042,0.005988023952095809,0.17964071856287425,0.04790419161676647,0.005988023952095809,0.059880239520958084,0.011976047904191617,0.08982035928143713,0.2694610778443114,0.017964071856287425,0.029940119760479042,0.017964071856287425,0.005988023952095809,0.005988023952095809
66,147,0.041916167664670656,0.011976047904191617,0.005988023952095809,0.005988023952095809,0.005988023952095809,0.005988023952095809,0.017964071856287425,0.011976047904191617,0.005988023952095809,0.03592814371257485,0.005988023952095809,0.0658682634730539,0.592814371257485,0.017964071856287425,0.023952095808383235,0.059880239520958084,0.03592814371257485,0.029940119760479042,0.005988023952095809,0.011976047904191617
67,147,0.017964071856287425,0.005988023952095809,0.005988023952095809,0.005988023952095809,0.5089820359281437,0.005988023952095809,0.005988023952095809,0.059880239520958084,0.005988023952095809,0.0718562874251497,0.011976047904191617,0.005988023952095809,0.005988023952095809,0.005988023952095809,0.005988023952095809,0.005988023952095809,0.011976047904191617,0.15568862275449102,0.011976047904191617,0.08383233532934131
68,147,0.16167664670658682,0.023952095808383235,0.005988023952095809,0.005988023952095809,0.005988023952095809,0.11976047904191617,0.011976047904191617,0.011976047904191617,0.005988023952095809,0.005988023952095809,0.029940119760479042,0.5089820359281437,0.005988023952095809,0.03592814371257485,0.005988023952095809,0.029940119760479042,0.005988023952095809,0.005988023952095809,0.005988023952095809,0.005988023952095809
69,147,0.023952095808383235,0.011976047904191617,0.005988023952095809,0.005988023952095809,0.011976047904191617,0.005988023952095809,0.005988023952095809,0.11377245508982035,0.005988023952095809,0.2754491017964072,0.011976047904191617,0.005988023952095809,0.005988023952095809,0.005988023952095809,0.011976047904191617,0.005988023952095809,0.005988023952095809,0.46107784431137727,0.005988023952095809,0.011976047904191617
70,147,0.005988023952095809,0.005988023952095809,0.005988023952095809,0.005988023952095809,0.005988023952095809,0.011976047904191617,0.005988023952095809,0.005988023952095809,0.005988023952095809,0.005988023952095809,0.005988023952095809,0.874251497005988,0.005988023952095809,0.011976047904191617,0.005988023952095809,0.005988023952095809,0.005988023952095809,0.005988023952095809,0.005988023952095809,0.005988023952095809
71,147,0.005988023952095809,0.011976047904191617,0.005988023952095809,0.005988023952095809,0.39520958083832336,0.005988023952095809,0.005988023952095809,0.023952095808383235,0.005988023952095809,0.3772455089820359,0.011976047904191617,0.005988023952095809,0.005988023952095809,0.005988023952095809,0.005988023952095809,0.005988023952095809,0.005988023952095809,0.08982035928143713,0.005988023952095809,0.011976047904191617
72,147,0.005988023952095809,0.005988023952095809,0.005988023952095809,0.005988023952095809,0.8502994011976048,0.005988023952095809,0.005988023952095809,0.005988023952095809,0.005988023952095809,0.023952095808383235,0.011976047904191617,0.005988023952095809,0.005988023952095809,0.005988023952095809,0.005988023952095809,0.005988023952095809,0.005988023952095809,0.005988023952095809,0.017964071856287425,0.005988023952095809
73,147,0.12574850299401197,0.38323353293413176,0.005988023952095809,0.005988023952095809,0.005988023952095809,0.005988023952095809,0.005988023952095809,0.0658682634730539,0.005988023952095809,0.017964071856287425,0.005988023952095809,0.005988023952095809,0.005988023952095809,0.005988023952095809,0.011976047904191617,0.029940119760479042,0.04790419161676647,0.23353293413173654,0.005988023952095809,0.017964071856287425
74,147,0.017964071856287425,0.005988023952095809,0.005988023952095809,0.005988023952095809,0.029940119760479042,0.005988023952095809,0.5269461077844312,0.017964071856287425,0.005988023952095809,0.029940119760479042,0.011976047904191617,0.023952095808383235,0.19760479041916168,0.03592814371257485,0.005988023952095809,0.005988023952095809,0.017964071856287425,0.011976047904191617,0.005988023952095809,0.029940119760479042
75,147,0.059880239520958084,0.005988023952095809,0.1497005988023952,0.20359281437125748,0.005988023952095809,0.023952095808383235,0.041916167664670656,0.005988023952095809,0.041916167664670656,0.023952095808383235,0.005988023952095809,0.029940119760479042,0.0718562874251497,0.0658682634730539,0.08383233532934131,0.0658682634730539,0.0718562874251497,0.023952095808383235,0.011976047904191617,0.005988023952095809
76,147,0.04790419161676647,0.005988023952095809,0.041916167664670656,0.10179640718562874,0.029940119760479042,0.011976047904191617,0.023952095808383235,0.08982035928143713,0.0658682634730539,0.04790419161676647,0.029940119760479042,0.03592814371257485,0.23353293413173654,0.041916167664670656,0.041916167664670656,0.03592814371257485,0.041916167664670656,0.04790419161676647,0.005988023952095809,0.017964071856287425
77,147,0.17964071856287425,0.005988023952095809,0.029940119760479042,0.0658682634730539,0.03592814371257485,0.017964071856287425,0.029940119760479042,0.017964071856287425,0.03592814371257485,0.011976047904191617,0.005988023952095809,0.023952095808383235,0.31137724550898205,0.041916167664670656,0.029940119760479042,0.017964071856287425,0.029940119760479042,0.0658682634730539,0.005988023952095809,0.03592814371257485
78,146,0.09036144578313253,0.006024096385542169,0.04819277108433735,0.0963855421686747,0.006024096385542169,0.012048192771084338,0.018072289156626505,0.05421686746987952,0.08433734939759036,0.04819277108433735,0.012048192771084338,0.09036144578313253,0.0963855421686747,0.07228915662650602,0.06626506024096386,0.06626506024096386,0.06626506024096386,0.04819277108433735,0.006024096385542169,0.012048192771084338
79,143,0.09815950920245399,0.006134969325153374,0.03680981595092025,0.024539877300613498,0.018404907975460124,0.024539877300613498,0.03067484662576687,0.05521472392638037,0.018404907975460124,0.03680981595092025,0.012269938650306749,0.024539877300613498,0.2392638036809816,0.04294478527607362,0.07975460122699386,0.049079754601226995,0.03680981595092025,0.11042944785276074,0.006134969325153374,0.049079754601226995
80,139,0.03773584905660377,0.012578616352201259,0.34591194968553457,0.031446540880503145,0.006289308176100629,0.031446540880503145,0.006289308176100629,0.006289308176100629,0.018867924528301886,0.025157232704402517,0.018867924528301886,0.09433962264150944,0.012578616352201259,0.031446540880503145,0.031446540880503145,0.11949685534591195,0.1320754716981132,0.018867924528301886,0.006289308176100629,0.012578616352201259
81,140,0.14375,0.00625,0.0625,0.11875,0.00625,0.01875,0.01875,0.04375,0.06875,0.01875,0.00625,0.025,0.16875,0.04375,0.025,0.1,0.0625,0.0375,0.0125,0.0125
82,143,0.22085889570552147,0.006134969325153374,0.06748466257668712,0.2085889570552147,0.006134969325153374,0.018404907975460124,0.04294478527607362,0.018404907975460124,0.04294478527607362,0.012269938650306749,0.006134969325153374,0.024539877300613498,0.006134969325153374,0.09202453987730061,0.03680981595092025,0.08588957055214724,0.03067484662576687,0.03680981595092025,0.006134969325153374,0.03067484662576687
83,143,0.0736196319018405,0.012269938650306749,0.04294478527607362,0.09202453987730061,0.006134969325153374,0.006134969325153374,0.024539877300613498,0.018404907975460124,0.0736196319018405,0.024539877300613498,0.024539877300613498,0.03067484662576687,0.012269938650306749,0.19631901840490798,0.1901840490797546,0.012269938650306749,0.04294478527607362,0.09815950920245399,0.012269938650306749,0.006134969325153374
84,146,0.024096385542168676,0.006024096385542169,0.07228915662650602,0.2289156626506024,0.04216867469879518,0.012048192771084338,0.018072289156626505,0.14457831325301204,0.024096385542168676,0.1144578313253012,0.024096385542168676,0.030120481927710843,0.006024096385542169,0.060240963855421686,0.024096385542168676,0.024096385542168676,0.030120481927710843,0.09036144578313253,0.006024096385542169,0.018072289156626505
85,148,0.20833333333333334,0.011904761904761904,0.06547619047619048,0.19642857142857142,0.005952380952380952,0.023809523809523808,0.005952380952380952,0.005952380952380952,0.05357142857142857,0.017857142857142856,0.011904761904761904,0.05952380952380952,0.005952380952380952,0.1130952380952381,0.06547619047619048,0.07738095238095238,0.03571428571428571,0.023809523809523808,0.005952380952380952,0.005952380952380952
86,148,0.23214285714285715,0.005952380952380952,0.023809523809523808,0.06547619047619048,0.005952380952380952,0.017857142857142856,0.023809523809523808,0.023809523809523808,0.09523809523809523,0.023809523809523808,0.005952380952380952,0.16666666666666666,0.017857142857142856,0.047619047619047616,0.1488095238095238,0.02976190476190476,0.03571428571428571,0.017857142857142856,0.005952380952380952,0.005952380952380952
87,147,0.11976047904191617,0.005988023952095809,0.017964071856287425,0.011976047904191617,0.017964071856287425,0.011976047904191617,0.011976047904191617,0.023952095808383235,0.011976047904191617,0.017964071856287425,0.10778443113772455,0.005988023952095809,0.005988023952095809,0.005988023952095809,0.005988023952095809,0.011976047904191617,0.011976047904191617,0.029940119760479042,0.5329341317365269,0.029940119760479042
88,147,0.041916167664670656,0.023952095808383235,0.005988023952095809,0.005988023952095809,0.017964071856287425,0.017964071856287425,0.023952095808383235,0.09580838323353294,0.08982035928143713,0.23353293413173654,0.011976047904191617,0.041916167664670656,0.011976047904191617,0.10179640718562874,0.15568862275449102,0.011976047904191617,0.005988023952095809,0.023952095808383235,0.03592814371257485,0.041916167664670656
89,144,0.1524390243902439,0.006097560975609756,0.11585365853658537,0.1402439024390244,0.006097560975609756,0.012195121951219513,0.006097560975609756,0.006097560975609756,0.1402439024390244,0.024390243902439025,0.006097560975609756,0.024390243902439025,0.006097560975609756,0.12804878048780488,0.06707317073170732,0.06707317073170732,0.054878048780487805,0.018292682926829267,0.006097560975609756,0.012195121951219513
90,144,0.1524390243902439,0.006097560975609756,0.024390243902439025,0.03048780487804878,0.06097560975609756,0.006097560975609756,0.042682926829268296,0.036585365853658534,0.06707317073170732,0.18902439024390244,0.012195121951219513,0.006097560975609756,0.006097560975609756,0.03048780487804878,0.10975609756097561,0.042682926829268296,0.036585365853658534,0.036585365853658534,0.06097560975609756,0.042682926829268296
91,144,0.012195121951219513,0.006097560975609756,0.006097560975609756,0.006097560975609756,0.06097560975609756,0.006097560975609756,0.006097560975609756,0.06097560975609756,0.006097560975609756,0.6036585365853658,0.024390243902439025,0.006097560975609756,0.006097560975609756,0.006097560975609756,0.018292682926829267,0.006097560975609756,0.018292682926829267,0.024390243902439025,0.006097560975609756,0.10975609756097561
92,144,0.21341463414634146,0.012195121951219513,0.03048780487804878,0.11585365853658537,0.006097560975609756,0.036585365853658534,0.03048780487804878,0.03048780487804878,0.10975609756097561,0.03048780487804878,0.006097560975609756,0.054878048780487805,0.006097560975609756,0.06707317073170732,0.12195121951219512,0.07926829268292683,0.03048780487804878,0.006097560975609756,0.006097560975609756,0.006097560975609756
93,145,0.048484848484848485,0.006060606060606061,0.048484848484848485,0.03636363636363636,0.012121212121212121,0.01818181818181818,0.012121212121212121,0.012121212121212121,0.09090909090909091,0.006060606060606061,0.012121212121212121,0.04242424242424243,0.44242424242424244,0.030303030303030304,0.04242424242424243,0.04242424242424243,0.06060606060606061,0.024242424242424242,0.006060606060606061,0.006060606060606061
94,145,0.05454545454545454,0.01818181818181818,0.01818181818181818,0.06060606060606061,0.09090909090909091,0.006060606060606061,0.05454545454545454,0.07878787878787878,0.012121212121212121,0.12121212121212122,0.006060606060606061,0.006060606060606061,0.006060606060606061,0.030303030303030304,0.012121212121212121,0.03636363636363636,0.024242424242424242,0.048484848484848485,0.01818181818181818,0.296969696969697
95,146,0.04819277108433735,0.030120481927710843,0.006024096385542169,0.030120481927710843,0.25301204819277107,0.030120481927710843,0.018072289156626505,0.012048192771084338,0.006024096385542169,0.04216867469879518,0.018072289156626505,0.018072289156626505,0.012048192771084338,0.012048192771084338,0.10843373493975904,0.03614457831325301,0.04216867469879518,0.018072289156626505,0.006024096385542169,0.25301204819277107
96,147,0.17964071856287425,0.005988023952095809,0.059880239520958084,0.12574850299401197,0.011976047904191617,0.04790419161676647,0.017964071856287425,0.011976047904191617,0.08982035928143713,0.05389221556886228,0.005988023952095809,0.07784431137724551,0.04790419161676647,0.10179640718562874,0.059880239520958084,0.017964071856287425,0.04790419161676647,0.023952095808383235,0.005988023952095809,0.005988023952095809
